3 3 3 3 3 3 3 3 3 3 3 3 3 3 3 3 3 
3 3 3 3 3 3 3 3 3 3 3 3 3 3 3 3 3 
3 3 3 5 5 5 5 5 5 5 5 5 5 5 3 3 3 
3 3 5 5 5 5 5 5 5 5 5 5 5 5 5 3 3 
3 5 5 5 5 3 3 3 3 5 5 5 5 5 5 5 3 
5 5 5 5 5 3 3 3 1 5 5 5 5 5 5 5 5 
2 2 5 5 5 3 3 2 4 5 5 5 5 5 5 5 5 
2 2 2 5 5 5 5 5 4 4 4 4 4 4 4 4 4 
2 2 2 2 5 5 5 5 4 1 2 1 2 1 4 2 5 
4 4 4 4 4 4 4 4 4 2 1 2 1 2 4 2 5 
2 2 2 2 5 5 5 5 4 4 4 4 4 4 4 5 5 
2 2 2 5 5 5 5 5 4 1 2 1 2 1 4 5 5 
2 2 5 5 5 5 5 5 4 2 1 2 1 2 4 5 5 
5 5 5 5 5 2 2 5 4 4 4 4 4 4 4 5 5 
5 5 5 5 3 3 3 5 5 5 5 5 5 5 5 3 3 
5 5 5 5 3 3 3 3 5 5 5 5 5 5 3 3 3 
5 5 5 5 3 3 3 3 3 3 3 3 3 3 3 3 3 
5 5 5 3 3 3 3 3 3 3 3 3 3 3 3 3 3 
5 5 3 3 3 3 3 3 3 3 3 3 3 3 3 3 3 

0 0 0 0 0 0 0 0 0 0 0 0 0 0 0 0 0 
0 0 0 0 0 0 0 0 0 0 0 0 0 0 0 0 0 
0 0 0 0 0 0 0 0 0 0 0 0 0 0 0 0 0 
0 0 0 0 0 0 0 0 0 0 0 0 0 0 0 0 0 
0 0 0 0 0 0 0 0 0 0 0 0 0 0 0 0 0 
0 0 0 0 0 0 0 0 0 0 0 0 0 0 0 0 0 
0 0 0 0 0 0 0 0 0 0 0 0 0 0 0 0 0 
0 0 0 0 0 0 0 0 0 0 0 0 0 0 0 0 0 
0 0 0 0 0 0 0 0 0 0 0 0 0 0 0 0 0 
0 0 0 0 0 0 0 0 0 0 0 0 0 0 0 0 0 
0 0 0 0 0 0 0 0 0 0 0 0 0 0 0 0 0 
0 0 0 0 0 0 0 0 0 0 0 0 0 0 0 0 0 
0 0 0 0 0 0 0 0 0 0 0 0 0 0 0 0 0 
0 0 0 0 0 0 0 0 0 0 0 0 0 0 0 0 0 
0 0 0 0 0 0 0 0 0 0 0 0 0 0 0 0 0 
0 0 0 0 0 0 0 0 0 0 0 0 0 0 0 0 0 
0 0 0 0 0 0 0 0 0 0 0 0 0 0 0 0 0 
0 0 0 0 0 0 0 0 0 0 0 0 0 0 0 0 0 
0 0 0 0 0 0 0 0 0 0 0 0 0 0 0 0 0
Program City
70
16450.25
300  122
450  198
200  77
26
30
0.10  0.05
0.7
0.10
0.15  0.10
0.44  0.41  0.15
0  0  0